0, 39.0
1, 42.5
2, 43.0
3, 43.5
4, 43.5
5, 43.5
6, 43.5
7, 43.5
8, 43.5
9, 43.5
10, 43.5
11, 43.5
12, 43.5
13, 43.5
14, 43.5
15, 43.5
16, 43.5
17, 43.5
18, 43.5
19, 43.0
20, 43.0
21, 43.5
22, 45.5
23, 47.0
24, 48.5
25, 50.5
26, 52.0
27, 53.5
28, 55.5
29, 57.0
30, 58.5
31, 60.5
32, 62.0
33, 63.5
34, 65.5
35, 66.5
36, 67.0
37, 67.0
38, 67.0
39, 66.5
40, 66.5
41, 66.5
42, 66.0
43, 66.0
44, 66.0
45, 65.5
46, 66.5
47, 66.5
48, 66.5
49, 66.0
50, 66.0
51, 66.0
52, 65.5
53, 66.5
54, 66.5
55, 66.5
56, 66.0
57, 66.0
58, 66.0
59, 65.5
60, 66.5
61, 66.5
62, 66.0
63, 66.0
64, 66.0
65, 65.5
66, 66.5
67, 66.5
68, 66.5
69, 66.5
70, 66.0
71, 66.0
72, 65.5
73, 66.5
74, 66.5
75, 66.5
76, 66.0
77, 66.0
78, 66.0
79, 65.5
80, 66.5
81, 66.5
82, 66.5
83, 66.0
84, 66.0
85, 66.0
86, 66.0
87, 66.5
88, 66.5
89, 66.0
90, 66.0
91, 66.0
92, 65.5
93, 66.0
94, 66.5
95, 66.5
96, 66.0
97, 66.0
98, 66.0
99, 65.5
100, 66.5
101, 66.5
102, 66.5
103, 66.0
104, 66.0
105, 65.5
106, 66.5
107, 67.0
108, 66.5
109, 66.5
110, 66.0
111, 66.0
112, 65.5
113, 66.5
114, 66.5
115, 66.5
116, 66.0
117, 66.0
118, 66.0
119, 65.5
120, 66.5
121, 66.5
122, 66.5
123, 66.0
124, 66.0
125, 66.5
126, 68.5
127, 69.5
128, 71.0
129, 72.5
130, 74.5
131, 76.0
132, 76.5
133, 76.5
134, 76.5
135, 76.5
136, 76.0
137, 76.0
138, 75.5
139, 76.5
140, 76.5

